#JOSM PicLayer plugin calibration data
#Fri Aug 07 05:13:23 CEST 2020
POSITION_X=965028.3740853212
POSITION_Y=6422308.580399924
INITIAL_SCALE=298.6669208995646
M00=1.3290293590697961
M11=1.3290293590697961
M10=0.0
M02=-373.70719237377614
M01=0.0
M12=-320.97070178115416
